[acces_reglemente.jpg]
text=1;127;3;URL;Aharoni;0.500597,0.480889,0.100000,6.021386;v1,4294967295,4278190080,128.000000,1.000000,0.500000,1.000000,700,258,49152;;
backuphash=40413
textactive=1
